0 0.798111 0.926501 0.280856 0.146998
0 0.687909 0.677038 0.158690 0.128755
0 0.521033 0.615879 0.157431 0.109442
0 0.414610 0.537553 0.080605 0.072961
0 0.333375 0.512875 0.089421 0.083691
0 0.214358 0.517167 0.103275 0.075107
0 0.141940 0.622317 0.089421 0.070815
0 0.241436 0.642703 0.132242 0.081545
0 0.498992 0.505365 0.113350 0.068669
0 0.549370 0.431331 0.088161 0.066523
0 0.585264 0.375537 0.109572 0.057940
0 0.573929 0.286482 0.076826 0.068669
0 0.397607 0.351932 0.071788 0.057940
0 0.301889 0.427039 0.081864 0.075107
0 0.335264 0.315452 0.080605 0.053648
0 0.400126 0.254293 0.061713 0.051502
0 0.363602 0.274679 0.066751 0.062231